# ---- numbers HARDCODED from figs0906_bag_strides.py output (scratchpad, 2026-09-06); never re-derived here ----
# per-stride peak |tau_h| (N.m) per leg and per-stride mean IMU roll (deg); stride detector as l_trend.py,
# stride 1 = l_trend.py i = 0. n_sat = registered first stride with any leg >= 39 N.m (and which leg).
STRIDES = {
 "s2_l0r_a1": dict(n=22, gait=9.1, n_sat=5, n_sat_leg='C',
   A=[21.8, 18.0, 16.4, 17.9, 18.8, 19.8, 18.7, 18.9, 19.4, 19.2, 18.0, 19.2, 18.8, 17.1, 21.6, 18.0, 18.7, 17.0, 20.3, 16.0, 20.4, 16.7],
   B=[19.4, 15.5, 16.5, 27.5, 20.4, 19.3, 15.7, 17.1, 16.4, 17.3, 16.3, 17.6, 17.3, 20.3, 18.5, 18.7, 18.7, 20.1, 19.8, 21.6, 20.0, 22.2],
   C=[32.0, 30.0, 22.2, 38.0, 40.0, 33.8, 26.8, 23.1, 22.8, 23.1, 23.3, 23.4, 25.9, 25.3, 34.9, 26.6, 26.8, 25.8, 34.1, 30.6, 36.8, 32.4],
   D=[18.2, 19.4, 16.6, 25.7, 30.5, 32.8, 26.3, 23.8, 22.5, 23.8, 22.8, 20.2, 25.3, 26.6, 32.4, 26.6, 24.4, 24.8, 27.9, 30.7, 29.2, 35.6],
   roll=[0.47, 0.59, 0.77, 0.75, 0.82, 1.26, 1.56, 1.62, 1.72, 1.68, 1.35, 0.92, 0.80, 0.73, 0.95, 0.94, 0.84, 0.73, 0.73, 0.46, 0.83, 0.94]),
 "s2_l0r_a2": dict(n=23, gait=9.4, n_sat=None, n_sat_leg=None,
   A=[20.6, 15.0, 20.0, 15.6, 19.6, 15.7, 17.9, 17.1, 17.4, 15.2, 17.2, 16.5, 19.2, 15.6, 19.2, 16.4, 19.9, 17.2, 17.7, 16.9, 17.7, 16.8, 17.3],
   B=[19.2, 16.1, 16.2, 15.6, 18.0, 16.8, 19.1, 18.9, 17.1, 18.7, 16.5, 17.6, 19.0, 16.8, 17.8, 15.2, 18.1, 17.2, 19.9, 18.8, 23.0, 19.3, 20.4],
   C=[34.8, 24.9, 28.9, 21.2, 26.4, 23.5, 29.3, 25.5, 33.1, 24.5, 32.0, 24.5, 33.6, 24.7, 31.5, 21.2, 28.5, 21.8, 26.2, 28.4, 36.0, 28.9, 31.8],
   D=[19.6, 25.9, 18.6, 21.5, 20.0, 17.9, 26.9, 26.6, 24.3, 25.2, 25.9, 25.3, 18.9, 20.3, 16.4, 19.2, 18.7, 22.8, 21.9, 20.8, 21.9, 22.1, 21.9],
   roll=[0.05, 0.30, 0.41, 0.26, 0.26, 0.23, 0.38, 0.41, 0.33, 0.35, 0.04, -0.07, -0.31, -0.22, -0.10, 0.07, -0.19, -0.30, -0.40, -0.28, -0.14, -0.01, 0.04]),
 "s2_ol10_roll1": dict(n=19, gait=8.2, n_sat=5, n_sat_leg='D',
   A=[21.6, 21.8, 27.4, 25.7, 25.2, 26.1, 27.3, 24.8, 30.7, 24.6, 30.5, 22.6, 28.6, 24.5, 28.0, 24.6, 28.3, 24.1, 25.9],
   B=[16.3, 15.4, 14.5, 16.0, 12.9, 11.8, 14.0, 13.1, 8.9, 11.3, 11.8, 12.3, 13.6, 15.6, 12.8, 13.8, 12.2, 15.7, 14.1],
   C=[27.3, 24.0, 28.1, 36.5, 37.3, 27.2, 34.3, 27.3, 35.0, 23.6, 35.2, 26.9, 35.9, 27.1, 37.1, 26.7, 35.3, 28.9, 33.2],
   D=[15.4, 26.8, 37.8, 38.6, 39.8, 39.1, 38.5, 39.1, 37.5, 38.1, 36.8, 38.7, 38.0, 35.4, 37.3, 37.0, 36.2, 36.0, 37.2],
   roll=[-2.15, -3.00, -2.63, -2.73, -2.59, -2.60, -2.68, -2.44, -2.27, -2.30, -2.49, -2.43, -2.54, -2.60, -2.52, -2.43, -2.44, -2.41, -2.28]),
 "s2_ol10_a2": dict(n=13, gait=6.7, n_sat=3, n_sat_leg='D',
   A=[24.7, 9.0, 26.4, 23.6, 26.2, 24.5, 20.1, 21.3, 21.7, 20.0, 19.7, 19.5, 18.9],
   B=[18.8, 10.1, 14.1, 13.2, 11.7, 15.4, 15.2, 12.2, 13.9, 18.9, 16.3, 13.4, 16.9],
   C=[25.9, 10.2, 37.4, 34.1, 34.9, 28.4, 30.7, 25.8, 30.4, 28.8, 30.0, 28.0, 28.6],
   D=[12.8, 11.9, 40.5, 39.6, 39.9, 38.9, 40.2, 39.8, 38.7, 40.5, 39.5, 39.6, 40.8],
   roll=[-2.49, -3.53, -3.12, -3.06, -3.38, -3.44, -3.72, -3.54, -3.81, -3.89, -3.98, -3.88, -4.13]),
 "s2_ol10n_a2": dict(n=16, gait=7.6, n_sat=14, n_sat_leg='C',
   A=[19.2, 12.6, 11.9, 13.5, 13.0, 14.7, 14.7, 14.9, 13.2, 13.5, 13.1, 13.1, 14.7, 15.1, 13.4, 15.5],
   B=[29.8, 25.8, 34.0, 28.3, 27.8, 29.2, 26.2, 24.3, 24.6, 27.0, 29.0, 28.6, 32.7, 28.1, 28.8, 26.8],
   C=[31.8, 37.4, 33.4, 36.5, 33.4, 29.9, 33.0, 33.5, 29.8, 31.7, 36.2, 35.4, 38.0, 39.5, 34.0, 33.7],
   D=[15.5, 18.9, 19.5, 24.4, 15.5, 19.4, 11.9, 20.3, 16.9, 22.2, 19.2, 24.7, 21.8, 27.4, 17.7, 24.5],
   roll=[2.56, 3.17, 2.84, 3.12, 2.89, 2.92, 2.58, 2.74, 2.59, 2.70, 2.28, 2.56, 2.39, 2.78, 2.39, 2.69]),
 "s2_ol15_a1": dict(n=10, gait=5.7, n_sat=2, n_sat_leg='D',
   A=[20.0, 20.4, 24.2, 24.1, 27.3, 29.1, 28.5, 27.1, 22.2, 29.9],
   B=[20.9, 13.9, 8.7, 8.8, 12.4, 13.4, 12.3, 10.7, 12.3, 11.4],
   C=[27.7, 25.1, 27.2, 20.8, 31.4, 38.0, 35.3, 37.7, 16.0, 24.2],
   D=[27.0, 40.6, 38.7, 39.8, 39.1, 41.0, 40.0, 39.4, 40.0, 37.6],
   roll=[-3.61, -4.67, -3.98, -3.70, -4.16, -4.26, -4.11, -4.04, -3.76, -4.12]),
 "s2_ol15n_a1": dict(n=11, gait=6.0, n_sat=11, n_sat_leg='C',
   A=[21.5, 13.9, 12.9, 10.7, 11.3, 10.4, 12.2, 11.6, 11.6, 14.1, 12.8],
   B=[26.4, 25.3, 29.1, 27.8, 29.2, 27.3, 28.8, 27.8, 28.2, 25.9, 24.3],
   C=[29.2, 36.2, 34.7, 36.3, 36.4, 33.9, 33.8, 36.3, 36.4, 37.6, 39.4],
   D=[17.1, 19.1, 18.4, 23.4, 22.6, 20.1, 20.8, 23.3, 23.5, 17.4, 19.7],
   roll=[4.01, 4.89, 4.42, 4.33, 4.30, 4.19, 4.06, 3.76, 3.88, 3.77, 3.61]),
 "s2_ol10_a1": dict(n=21, gait=8.9, n_sat=4, n_sat_leg='D',
   A=[22.8, 23.1, 24.7, 22.5, 21.5, 21.4, 21.4, 24.6, 21.3, 19.9, 22.7, 19.9, 21.3, 22.5, 22.0, 21.5, 21.4, 20.7, 18.1, 18.7, 23.6],
   B=[16.8, 14.9, 14.1, 19.9, 10.4, 8.6, 12.2, 11.0, 11.1, 13.7, 11.9, 11.6, 11.9, 15.4, 10.9, 12.2, 13.4, 17.8, 17.4, 21.8, 11.8],
   C=[27.1, 26.5, 21.5, 32.3, 25.8, 26.4, 26.6, 26.6, 26.5, 26.2, 25.7, 24.8, 29.9, 29.3, 29.6, 29.9, 26.9, 27.6, 27.8, 28.1, 22.2],
   D=[13.4, 25.7, 38.0, 40.4, 39.3, 39.9, 39.8, 40.0, 39.5, 40.0, 39.8, 40.4, 39.8, 40.5, 39.4, 40.0, 40.3, 39.6, 39.7, 39.1, 39.2],
   roll=[-2.56, -3.44, -2.96, -3.19, -2.86, -2.92, -3.10, -3.22, -3.38, -3.35, -3.18, -3.04, -3.56, -4.03, -4.45, -4.40, -4.82, -5.12, -5.04, -4.85, -4.10]),
}
